Napa:
2024-06-02,2024-06-03,2024-06-04,2024-06-05,2024-06-06
80.1,79.2,98.8,89.9,75.2
51.9,57.6,53.2,54.8,50.3
12.6,13.5,14.6,9.3,9.0
8.2,6.6,8.3,8.2,8.25

Sonoma:
2024-06-02,2024-06-03,2024-06-04,2024-06-05,2024-06-06
80.0,77.6,99.7,93.0,77.9
50.9,58.0,54.6,55.4,49.4
14.4,16.5,16.8,8.8,9.6
8.15,6.85,8.3,8.15,8.25

Santa Cruz:
2024-06-02,2024-06-03,2024-06-04,2024-06-05,2024-06-06
77.2,77.7,94.9,70.4,66.1
53.2,55.4,52.6,56.9,53.7
11.5,11.5,12.8,9.0,7.7
8.25,7.25,8.25,7.85,8.1

Monterey:
2024-06-02,2024-06-03,2024-06-04,2024-06-05,2024-06-06
62.8,65.3,78.2,69.6,61.9
53.8,52.0,49.8,52.0,50.7
11.0,12.9,11.2,10.9,10.9
8.1,7.2,8.25,7.95,8.1

Berkeley:
2024-06-02,2024-06-03,2024-06-04,2024-06-05,2024-06-06
68.9,65.1,98.2,81.8,72.2
54.6,55.6,53.6,60.0,55.3
10.1,12.7,14.5,8.1,9.8
8.2,7.15,8.35,8.25,8.3

Livermore:
2024-06-02,2024-06-03,2024-06-04,2024-06-05,2024-06-06
78.1,72.9,99.4,101.0,96.3
53.1,55.4,52.9,67.0,61.4
14.6,14.2,16.3,19.5,18.6
8.25,7.65,8.4,8.3,8.4

San Francisco:
2024-06-02,2024-06-03,2024-06-04,2024-06-05,2024-06-06
67.2,65.7,91.0,71.0,66.5
53.7,54.1,52.4,55.7,52.1
19.4,17.5,17.1,9.7,12.3
8.25,6.45,8.35,8.3,8.3

San Mateo:
2024-06-02,2024-06-03,2024-06-04,2024-06-05,2024-06-06
69.1,69.7,88.5,71.0,66.5
54.4,54.8,52.0,55.7,52.1
18.9,14.7,20.0,9.7,12.3
8.25,6.45,8.35,8.3,8.3

San Jose:
2024-06-02,2024-06-03,2024-06-04,2024-06-05,2024-06-06
74.0,73.0,93.7,91.3,88.1
55.0,54.7,51.8,65.6,61.8
12.8,13.5,16.8,11.3,12.4
8.25,7.1,8.35,8.1,8.35

Los Gatos:
2024-06-02,2024-06-03,2024-06-04,2024-06-05,2024-06-06
78.8,77.8,96.9,95.4,95.6
53.6,56.2,56.0,65.1,63.3
12.5,12.0,15.9,11.5,10.7
8.25,7.1,8.35,8.1,8.35

